021_A0  +17.50 +11.90 +10.20 +8.70 +7.20 +6.30 +5.40 +4.70 +4.30 +3.90 +2.70 +2.20 +1.30 +1.00 -0.20 -1.40
024_C1  +13.30 +9.70 +9.70 +6.70 +6.20 +5.80 +5.50 +4.80 +4.20 +4.00 +3.40 +2.50 +1.70 +0.80 +0.20 -0.70
027_D#1 +12.90 +8.80 +8.50 +6.90 +5.60 +5.60 +4.30 +3.60 +2.70 +2.30 +2.30 +1.30 +0.70 +0.00 -1.20 -2.20
030_F#1 +17.10 +11.80 +9.00 +7.40 +6.50 +6.50 +5.20 +4.60 +4.50 +4.00 +3.10 +3.10 +2.00 +1.30 +0.20 -1.10
033_A1  +16.90 +11.60 +8.90 +7.30 +6.40 +6.40 +5.10 +4.50 +4.40 +3.90 +3.00 +3.00 +1.90 +1.30 +0.20 -1.10
036_C2  +19.60 +11.80 +9.40 +8.20 +7.10 +6.60 +5.80 +5.20 +4.60 +3.90 +3.10 +2.50 +1.40 +0.60 -0.80 -1.80
039_D#2 +12.80 +10.30 +10.30 +7.40 +6.40 +5.70 +5.00 +4.60 +3.50 +3.20 +2.90 +2.20 +1.00 -0.10 -1.20 -2.40
042_F#2 +9.70 +7.10 +5.20 +4.50 +4.80 +4.50 +4.10 +3.90 +3.00 +3.30 +2.90 +1.20 +0.20 -1.00 -1.00 -2.10
045_A2  +16.10 +10.90 +9.10 +8.30 +8.20 +7.70 +6.90 +6.60 +5.80 +3.90 +3.90 +3.30 +1.10 +0.50 -0.90 -2.40
048_C3  +14.50 +8.10 +7.40 +7.80 +7.40 +6.20 +4.60 +3.60 +3.70 +3.50 +3.70 +2.80 +2.20 +0.80 +0.90 -0.50
051_D#3 +15.10 +12.00 +9.10 +7.10 +6.50 +6.50 +5.60 +5.50 +4.60 +4.10 +4.00 +3.50 +2.00 +1.20 +0.00 -1.30
054_F#3 +18.90 +15.30 +12.60 +10.80 +10.90 +9.80 +8.20 +7.30 +6.20 +5.60 +4.80 +4.10 +3.30 +2.40 +0.50 +0.50
057_A3  +18.70 +14.80 +12.40 +9.75 +9.40 +8.30 +7.30 +6.50 +4.70 +4.60 +4.30 +2.80 +2.80 +2.10 +0.80 -0.20
060_C4  +15.80 +12.00 +9.60 +8.10 +6.80 +6.20 +5.20 +4.70 +2.40 +2.40 +2.40 +1.10 +0.40 -0.20 -2.05 -1.60
063_D#4 +18.50 +14.40 +10.20 +9.60 +8.10 +7.50 +6.30 +5.30 +4.60 +4.10 +3.60 +3.00 +2.20 +0.60 -0.10 -1.80
066_F#4 +19.10 +16.00 +12.40 +10.20 +7.90 +6.80 +6.40 +5.40 +4.70 +3.90 +3.10 +1.80 +0.40 -0.80 -3.10 -3.00
069_A4  +19.30 +15.30 +11.20 +11.20 +8.90 +7.60 +7.10 +6.40 +5.80 +5.00 +3.90 +3.00 +2.50 +1.00 -0.30 -1.60
072_C5  +19.40 +14.90 +11.90 +11.60 +9.90 +9.80 +8.30 +7.90 +7.20 +6.90 +5.90 +5.10 +4.00 +2.90 +1.50 +0.10
075_D#5 +15.40 +14.70 +12.20 +10.80 +9.80 +8.90 +8.20 +7.40 +6.30 +5.30 +4.20 +2.60 +0.70 -1.50 -1.50 -2.40
078_F#5 +19.40 +14.60 +9.80 +8.90 +7.80 +7.00 +6.20 +5.80 +4.40 +3.40 +2.50 +1.10 +0.20 -2.30 -3.40 -3.40
081_A5  +20.75 +17.75 +13.55 +12.15 +10.85 +8.65 +7.95 +7.35 +6.35 +5.45 +4.45 +4.45 +3.05 +1.95 +0.85 -0.75
084_C6  +15.65 +9.15 +10.05 +10.35 +8.95 +8.95 +6.75 +7.35 +3.75 +3.55 +2.85 +1.35 +0.35 +0.55 -0.65 -1.75
087_D#6 +17.55 +10.15 +12.45 +10.65 +8.25 +6.65 +5.45 +4.55 +4.05 +3.05 +2.25 +1.65 +0.05 -1.45 -2.95 -3.65
090_F#6 +20.80 +14.70 +13.00 +11.50 +9.40 +8.10 +6.90 +5.80 +4.60 +3.50 +2.20 +0.70 +0.00 -1.60 -2.60 -4.60
093_A6  +19.15 +15.65 +13.95 +11.55 +9.85 +10.05 +8.45 +7.15 +5.55 +4.35 +2.85 +1.05 -0.35 -1.65 -3.15 -5.75
096_C7  +19.40 +19.00 +15.90 +13.50 +12.20 +9.60 +8.60 +6.50 +6.20 +4.50 +2.90 +2.00 -1.30 -2.50 -3.90 -5.20
099_D#7 +26.40 +18.30 +17.80 +16.00 +14.40 +12.70 +9.90 +7.50 +6.20 +3.80 +3.00 +1.00 -0.20 -2.20 -4.40 -7.40
102_F#7 +17.60 +12.50 +9.10 +8.00 +6.50 +5.00 +3.50 +3.00 +1.00 +0.00 -1.10 -3.50 -4.70 -5.20 -8.50 -11.40
105_A7  +21.00 +18.40 +13.40 +13.40 +10.70 +9.80 +8.50 +6.80 +4.70 +3.20 +1.30 -0.10 -2.60 -4.20 -6.60 -9.80
108_C8  +14.45 +11.45 +9.25 +7.25 +6.25 +4.55 +3.25 +2.25 +1.15 -0.15 -1.35 -2.85 -4.85 -7.15 -9.85 -11.25
