#Key Volume(db)
#        v01  v02  v03  v04  v05  v06  v07  v08  v09  v10  v11  v12  v13  v14  v15  v16

VEL_ALL  0.0  0.0  0.0  0.0  0.0  0.0  0.0  0.0  0.0  0.0  0.0  0.0  0.0  0.0  0.0  0.0

021_A0  +17.50 +11.90 +10.20 +8.70 +7.20 +6.30 +5.40 +4.70 +4.30 +3.90 +2.70 +2.20 +1.30 +1.00 -0.20 -1.40
024_C1  +13.30 +9.70 +9.70 +6.70 +6.20 +5.80 +5.50 +4.80 +4.20 +4.00 +3.40 +2.50 +1.70 +0.80 +0.20 -0.70
027_D#1 +12.90 +8.80 +8.50 +6.90 +5.60 +5.60 +4.30 +3.60 +2.70 +2.30 +2.30 +1.30 +0.70 +0.00 -1.20 -2.20
030_F#1 +17.10 +11.80 +9.00 +7.40 +6.50 +6.50 +5.20 +4.60 +4.50 +4.00 +3.10 +3.10 +2.00 +1.30 +0.20 -1.10
033_A1  +16.90 +11.60 +8.90 +7.30 +6.40 +6.40 +5.10 +4.50 +4.40 +3.90 +3.00 +3.00 +1.90 +1.30 +0.20 -1.10
036_C2  +19.60 +11.80 +9.40 +8.20 +7.10 +6.60 +5.80 +5.20 +4.60 +3.90 +3.10 +2.50 +1.40 +0.60 -0.80 -1.80
039_D#2 +12.80 +10.30 +10.30 +7.40 +6.40 +5.70 +5.00 +4.60 +3.50 +3.20 +2.90 +2.20 +1.00 -0.10 -1.20 -2.40
042_F#2 +9.70 +7.10 +5.20 +4.50 +4.80 +4.50 +4.10 +3.90 +3.00 +3.30 +2.90 +1.20 +0.20 -1.00 -1.00 -2.10
045_A2  +16.10 +10.90 +9.10 +8.30 +8.20 +7.70 +6.90 +6.60 +5.80 +3.90 +3.90 +3.30 +1.10 +0.50 -0.90 -2.40
048_C3  +14.70 +8.30 +7.60 +8.00 +7.60 +6.40 +4.80 +3.80 +3.90 +3.70 +3.90 +3.00 +2.40 +1.00 +1.10 -0.30
051_D#3 +15.50 +12.40 +9.50 +7.50 +6.90 +6.90 +6.00 +5.90 +5.00 +4.50 +4.40 +3.90 +2.40 +1.60 +0.40 -0.90
054_F#3 +19.40 +15.80 +13.10 +11.30 +11.40 +10.30 +8.70 +7.80 +6.70 +6.10 +5.30 +4.60 +3.80 +2.90 +1.00 +1.00
057_A3  +19.20 +15.30 +12.90 +10.25 +9.90 +8.80 +7.80 +7.00 +5.20 +5.10 +4.80 +3.30 +3.30 +2.60 +1.30 +0.30
060_C4  +16.30 +12.50 +10.10 +8.60 +7.30 +6.70 +5.70 +5.20 +2.90 +2.90 +2.90 +1.60 +0.90 +0.30 -1.55 -1.10
063_D#4 +19.00 +14.90 +10.70 +10.10 +8.60 +8.00 +6.80 +5.80 +5.10 +4.60 +4.10 +3.50 +2.70 +1.10 +0.40 -1.30
066_F#4 +19.60 +16.50 +12.90 +10.70 +8.40 +7.30 +6.90 +5.90 +5.20 +4.40 +3.60 +2.30 +0.90 -0.30 -2.60 -2.50
069_A4  +19.80 +15.80 +11.70 +11.70 +9.40 +8.10 +7.60 +6.90 +6.30 +5.50 +4.40 +3.50 +3.00 +1.50 +0.20 -1.10
072_C5  +19.90 +15.40 +12.40 +12.10 +10.40 +10.30 +8.80 +8.40 +7.70 +7.40 +6.40 +5.60 +4.50 +3.40 +2.00 +0.60
075_D#5 +15.90 +15.20 +12.70 +11.30 +10.30 +9.40 +8.70 +7.90 +6.80 +5.80 +4.70 +3.10 +1.20 -1.00 -1.00 -1.90
078_F#5 +19.90 +15.10 +10.30 +9.40 +8.30 +7.50 +6.70 +6.30 +4.90 +3.90 +3.00 +1.60 +0.70 -1.80 -2.90 -2.90
081_A5  +21.45 +18.45 +14.25 +12.85 +11.55 +9.35 +8.65 +8.05 +7.05 +6.15 +5.15 +5.15 +3.75 +2.65 +1.55 -0.05
084_C6  +16.55 +10.05 +10.95 +11.25 +9.85 +9.85 +7.65 +8.25 +4.65 +4.45 +3.75 +2.25 +1.25 +1.45 +0.25 -0.85
087_D#6 +18.55 +11.15 +13.45 +11.65 +9.25 +7.65 +6.45 +5.55 +5.05 +4.05 +3.25 +2.65 +1.05 -0.45 -1.95 -2.65
090_F#6 +21.90 +15.80 +14.10 +12.60 +10.50 +9.20 +8.00 +6.90 +5.70 +4.60 +3.30 +1.80 +1.10 -0.50 -1.50 -3.50
093_A6  +20.35 +16.85 +15.15 +12.75 +11.05 +11.25 +9.65 +8.35 +6.75 +5.55 +4.05 +2.25 +0.85 -0.45 -1.95 -4.55
096_C7  +20.60 +20.20 +17.10 +14.70 +13.40 +10.80 +9.80 +7.70 +7.40 +5.70 +4.10 +3.20 -0.10 -1.30 -2.70 -4.00
099_D#7 +27.70 +19.60 +19.10 +17.30 +15.70 +14.00 +11.20 +8.80 +7.50 +5.10 +4.30 +2.30 +1.10 -0.90 -3.10 -6.10
102_F#7 +19.00 +13.90 +10.50 +9.40 +7.90 +6.40 +4.90 +4.40 +2.40 +1.40 +0.30 -2.10 -3.30 -3.80 -7.10 -10.00
105_A7  +22.40 +19.80 +14.80 +14.80 +12.10 +11.20 +9.90 +8.20 +6.10 +4.60 +2.70 +1.30 -1.20 -2.80 -5.20 -8.40
108_C8  +17.45 +14.45 +12.25 +10.25 +9.25 +7.55 +6.25 +5.25 +4.15 +2.85 +1.65 +0.15 -1.85 -4.15 -6.85 -8.25
