# Key    Seek pos
#           v1    v2    v3    v4    v5    v6    v7    v8    v9   v10   v11   v12   v13   v14   v15   v16
# 
021_A0 -590 -29 253 132 223 782 -28 311 296 891 336 257 989 490 1 882
# 
024_C1 522 1813 1813 1370 1093 1028 925 872 895 485 1449 1234 1499 1515 1267 1353
# 
027_D#1 182 199 227 472 213 448 337 372 341 256 325 255 424 368 391 422 
# 
030_F#1 -542 -455 -351 -365 -366 -366 -384 -348 -372 -364 -374 -374 -351 -356 -362 -368
# 
033_A1 -610 -142 -415 -432 -385 -385 -120 -221 -441 -97 -156 -156 -177 -279 -94 -151
# 
036_C2 -277 -147 -115 50 -156 -217 -82 -133 -143 -84 -82 -246 -178 -264 -233 -75
039_D#2 -234 -456 -466 -260 -351 -481 -328 -340 -276 -231 -229 -175 -107 -76 -101 -106
042_F#2 -385 -410 -450 -410 -411 -426 -417 -438 -420 -420 -424 -446 -424 -402 -450 -446
045_A2 -434 -421 -439 -441 -407 -426 -433 -424 -430 -444 -444 -429 -411 -437 -449 -455
048_C3 -447 -480 -477 -493 -440 -438 -457 -449 -449 -467 -467 -452 -436 -441 -472 -452
051_D#3 -7 -175 -103 -73 -76 -173 -126 -111 -87 -268 -160 -172 -108 -40 -92 -23
# 
054_F#3 -175 -230 -244 -75 -76 123 -26 -127 -79 -236 -146 -151 -142 -74 -256 -256
057_A3 -286 -297 -352 -232 -311 -191 -203 -234 -197 -197 -165 -93 -93 -92 -205 -66
# case for using v15 in original
#060_C4 -198 -184 -212 -183 -330 -106 -94 -170 -71 -71 -71 -221 -201 -110 -96 -166 
060_C4 -198 -184 -212 -183 -330 -106 -94 -170 -71 -71 -71 -221 -201 -110 -166 -166 
063_D#4 -217 -330 -269 -161 -108 -223 -198 -206 -276 -222 -192 -320 -266 -236 -249 -202
066_F#4 -368 -307 -232 -366 -224 -207 -169 -162 -323 -275 -240 -420 -324 -250 -291 -292
069_A4 -283 -269 -229 -230 -208 -248 -343 -281 -224 -300 -266 -356 -242 -163 -301 -229
072_C5 -318 -210 -284 -285 -304 -305 -297 -217 -224 -394 -216 -191 -79 -80 -293 -161 
075_D#5 -245 -198 -312 -172 -146 -225 -138 -149 -210 -164 -206 -245 -243 -186 -186 -187 
# 
078_F#5 -348 -371 -202 -258 -230 -204 -182 -161 -214 -140 -185 -250 -127 -198 -200 -200
081_A5 -316 -304 201 -138 173 -489 -360 -498 -299 -470 -255 -255 22 -162 -499 631
084_C6 202 499 495 -92 -110 -110 -271 -89 -344 -345 -328 -226 -256 -236 -347 -235
087_D#6 -260 -257 -256 -299 -298 -289 -296 -220 -321 -364 -302 -229 -307 -247 -298 -271 
# 
090_F#6 -205 -243 -199 -230 -180 -245 -259 -223 -258 -109 -314 -250 -310 -281 -304 -262
093_A6 -129 -203 -248 -275 -321 -226 -175 -263 -237 -345 -225 -302 -263 -158 -260 -260
096_C7 -337 -119 -192 -335 -369 -174 -298 -285 -262 -277 -277 -239 -172 -297 -322 -340
099_D#7 -379 -206 -227 -199 -319 -431 -318 -144 -249 -124 -113 -296 -341 -281 -370 -370
102_F#7 -227 -387 -243 -207 -247 -165 -200 -159 -310 -287 -48 -236 -287 -252 -352 -114
105_A7 -169 -202 -232 -232 -213 -266 -237 -203 -175 -202 -209 -185 -292 -195 -204 -203
108_C8 -232 -206 -275 -225 -222 -217 -273 -171 -301 -248 -264 -301 -219 -282 -197 -161

